0.640887
0.63185257
0.6305156
0.6299828
0.62954587
0.6264015
0.62801135
0.6270552
0.6276642
0.62487674
0.6262917
0.6264443
0.6293989
0.62186027
0.6268254
0.6261385
0.6251528
0.6248889
0.62562495
0.6235375
0.6233618
0.6245767
0.6230328
0.62505746
0.6248431
0.6245352
0.6221947
0.6219189
0.62161213
0.61973226
0.6240936
0.6242684
0.62430304
0.62487966
0.62361884
0.6227667
0.6217102
0.62361586
0.62279433
0.62312484
0.62244064
0.62327564
0.62245136
0.6235507
0.62280744
0.6238244
0.62221193
0.6249167
0.6241493
0.62636334
0.6245048
0.6228535
0.6230526
0.62148637
0.6246123
0.6223486
0.62223285
0.6242085
0.6245857
0.6207123
0.6228736
0.6223954
0.62135303
0.6238763
0.62679833
0.6256533
0.6224922
0.6219611
0.62249494
0.62387437
0.6222461
0.62293375
0.6230811
0.6239146
0.6216974
0.6245071
0.62306005
0.6249116
0.6240556
0.6227664
0.6210433
0.6228945
0.623
0.62299454
0.62730235
0.6236499
0.6253708
0.6206453
0.62254995
0.6232574
0.6197588
0.6230345
0.61984736
0.6224277
0.62328255
0.6212674
0.62131196
0.62363905
0.62325937
0.62111956
0.6226734
0.62234735
0.62403727
0.6222539
0.6217868
0.6246677
0.6205858
0.62278146
0.619931
0.624711
0.62266785
0.62051404
0.6215333
0.62437874
0.6252304
0.62100166
0.62100327
0.61693525
0.62248445
0.6253644
0.6237188
0.6235058
0.623251
0.6234535
0.6224956
0.6222972
0.62584215
0.62253314
0.61980736
0.6196067
0.62578595
0.6204883
0.6223376
0.6200894
0.6227244
0.619731
0.6236025
0.62055784
0.62340534
0.6220943
0.6228501
0.62108666
0.62148863
0.6219433
0.6227996
0.6219538
0.6235728
0.62112737
0.6272006
0.62304026
0.62415296
0.6218748
0.6202528
0.62359816
0.62715584
0.6205883
0.620854
0.6242834
0.62613034
0.6215377
0.6207084
0.6209395
0.6236267
0.6238243
0.62361205
0.62485397
0.62227154
0.62364733
0.6244608
0.62063706
0.62279356
0.6239622
0.62196934
0.62315565
0.62239516
0.6203487
0.62265855
0.62317616
0.6222494
0.61992073
0.6273411
0.6253629
0.6248575
0.62411916
0.6205894
0.6213448
0.6230863
0.62005883
0.6245013
0.62117517
0.6221137
0.6234232
0.62273145
0.6226093
0.6245038
0.62122923
0.6220197
0.62173295
0.62417346
0.6218662
