0.43224186
0.34351024
0.34001353
0.3386045
0.3375608
0.3376035
0.3368949
0.33614418
0.33643043
0.3359758
0.33651522
0.33527714
0.33551657
0.33459383
0.3348474
0.33441743
0.33352444
0.33401194
0.3328097
0.33343902
0.33241954
0.33219823
0.33213043
0.33192512
0.33194107
0.33055392
0.3306089
0.33095467
0.32999122
0.3301073
0.32971132
0.32945222
0.3294991
0.32891333
0.32839385
0.32834145
0.3282871
0.3281756
0.32822135
0.32744202
0.32737935
0.3268004
0.32687354
0.32663825
0.3261238
0.32628345
0.3254608
0.32549614
0.3252395
0.32519582
0.32489765
0.32464343
0.32476252
0.32472977
0.32456365
0.32417265
0.32426146
0.32415542
0.32383436
0.32359213
0.3238035
0.32373327
0.32354286
0.32347402
0.32336316
0.3235567
0.32340124
0.32349345
0.32343337
0.32356614
0.32302707
0.32369757
0.32353315
0.32355493
0.32325378
0.32345632
0.32341772
0.3235315
0.32341796
0.32352215
0.32336628
0.32347387
0.32347134
0.3236838
0.3239748
0.32326245
0.3233132
0.32354864
0.32336795
0.3235801
0.32320082
0.32348225
0.32313132
0.3231157
0.3235705
0.32357
0.32358736
0.32341304
0.32358104
0.32342115
0.3237843
0.32371506
0.32315043
0.32321775
0.32337907
0.32362548
0.3235419
0.32346654
0.32351038
0.32368538
0.3232365
0.32368007
0.3232874
0.3234975
0.32351196
0.32314953
0.3238047
0.32339072
0.32324624
0.32357278
0.32348326
0.32334378
0.32345003
0.323682
0.32369605
0.32332355
0.32338613
0.3231359
0.3235597
0.32337505
0.3233796
0.32324478
0.32348454
0.32353714
0.32328793
0.32346904
0.32325432
0.32347283
0.323427
0.32341155
0.3233966
0.3233384
0.32312706
0.32318878
0.3230987
0.32320848
0.32336098
0.32338446
0.3233314
0.32315376
0.32342178
0.32360792
0.3231891
0.32338834
0.32366216
0.32324085
0.32333022
0.32362345
0.32325605
0.3234514
0.32367557
0.3232468
0.32367477
0.32351696
0.32355148
0.32341686
0.32325515
0.3234933
0.32338533
0.32330248
0.3235473
0.32345912
0.32360414
0.32339254
0.3234009
0.32306948
0.32331446
0.32372126
0.32349205
0.323431
0.32337955
0.32332954
0.32338712
0.32342303
0.3236607
0.32342178
0.32348034
0.32338616
0.32331648
0.32336113
0.32318476
0.3238144
0.32319945
0.32345325
0.32313064
0.3231705
0.32338113
0.32340974
0.32339135
0.32358602
