0.6309681
0.6283868
0.62810385
0.627962
0.6280487
0.6280217
0.6281337
0.62799954
0.62798506
0.62818575
0.6281468
0.6280444
0.62811655
0.62800455
0.6280421
0.6281194
0.62799937
0.62811196
0.6281272
0.6280881
0.6280483
0.6279546
0.62813634
0.62810445
0.6281543
0.6279532
0.62812495
0.628208
0.6279882
0.62808865
0.6281258
0.62808865
0.62802315
0.62821454
0.6280434
0.6282022
0.628088
0.6279718
0.62806994
0.62803525
0.6279488
0.6280312
0.62804294
0.6280162
0.62808955
0.62808466
0.62793726
0.6280466
0.6279861
0.6279515
0.6281037
0.6280342
0.62800676
0.62796384
0.6280105
0.62814486
0.62795997
0.62789667
0.6279611
0.6280888
0.6280414
0.627959
0.62796724
0.6280596
0.62793547
0.6280332
0.62791634
0.62800485
0.6278763
0.6280286
0.6279737
0.6281308
0.62783647
0.62809527
0.62800246
0.6281127
0.6279318
0.6280047
0.6278654
0.6279595
0.6278446
0.6279713
0.62810963
0.6279799
0.62805635
0.6278373
0.6280142
0.62792385
0.62804794
0.6278485
0.6280113
0.62801176
0.6279755
0.6280073
0.62795347
0.6280443
0.6279352
0.6279407
0.62789327
0.6279399
0.62802017
0.6279057
0.6278608
0.6280555
0.62791294
0.62801945
0.62793356
0.62798536
0.627981
0.6279929
0.62782997
0.6280165
0.6279091
0.627992
0.62797135
0.62803024
0.6280185
0.62787473
0.6278469
0.62791115
0.62785584
0.62788606
0.6281077
0.6280239
0.62800217
0.62791246
0.6279998
0.62792426
0.6279401
0.62796724
0.62795025
0.6279093
0.6280754
0.62784654
0.62788415
0.62807673
0.6280175
0.62799627
0.6280055
0.62791926
0.6279493
0.6278937
0.62793285
0.62780875
0.62800425
0.6278309
0.6278669
0.6280887
0.62797236
0.6276882
0.62801766
0.6278006
0.6279603
0.6279832
0.6279484
0.6278516
0.6278968
0.6279846
0.62788004
0.6279465
0.62782854
0.62787247
0.62800854
0.62794214
0.6278276
0.62792116
0.6277736
0.6279418
0.6278457
0.62788284
0.62796855
0.62793314
0.6278775
0.6280895
0.6280247
0.6277314
0.62786037
0.6278786
0.62779385
0.6278634
0.6279648
0.62799245
0.62819034
0.62787867
0.6278912
0.62788635
0.62790066
0.6279019
0.6279976
0.6279005
0.6278064
0.6279182
0.6278923
0.6278945
0.6277688
0.6278945
0.6278441
0.6278909
0.62797666
0.62783545
